1578600.0
1000
1 Noah 18090 1.14595210946
2 Liam 18002 1.14037754973
3 Jacob 17976 1.13873052071
4 Mason 17591 1.11434182187
5 William 16495 1.04491321424
6 Ethan 16127 1.02160141898
7 Michael 15366 0.973394146712
8 Alexander 14771 0.935702521221
9 Jayden 14656 0.928417585202
10 Daniel 14140 0.89573039402
11 Elijah 13626 0.863169897377
12 Aiden 13527 0.856898517674
13 James 13416 0.849866970734
14 Benjamin 13373 0.847143038135
15 Matthew 13226 0.837830989484
16 Jackson 12488 0.791080704422
17 Logan 12270 0.77727099962
18 David 12226 0.774483719752
19 Anthony 12164 0.770556189028
20 Joseph 12095 0.766185227417
21 Joshua 11680 0.739896110478
22 Andrew 11568 0.732801216268
23 Lucas 11451 0.725389585709
24 Gabriel 11112 0.703914861269
25 Samuel 10957 0.694096034461
26 Christopher 10765 0.681933358672
27 John 10588 0.67072089193
28 Dylan 10058 0.637146838971
29 Isaac 10005 0.633789433675
30 Ryan 9808 0.621310021538
31 Nathan 9620 0.609400734828
32 Carter 9512 0.602559229697
33 Caleb 9500 0.60179906246
34 Luke 9497 0.601609020651
35 Christian 9261 0.586659064994
36 Hunter 8887 0.562967186114
37 Henry 8802 0.557582668187
38 Owen 8702 0.551247941214
39 Landon 8679 0.54979095401
40 Jack 8506 0.538831876346
41 Wyatt 8490 0.53781832003
42 Jonathan 8478 0.537058152794
43 Eli 7867 0.498352970987
44 Isaiah 7754 0.491194729507
45 Sebastian 7495 0.474787786646
46 Jaxon 7479 0.473774230331
47 Julian 7469 0.473140757633
48 Brayden 7384 0.467756239706
49 Gavin 7379 0.467439503357
50 Levi 7339 0.464905612568
51 Aaron 7246 0.459014316483
52 Oliver 7209 0.456670467503
53 Jordan 7128 0.451539338655
54 Nicholas 7078 0.448371975168
55 Evan 7070 0.44786519701
56 Connor 7058 0.447105029773
57 Charles 6955 0.440580260991
58 Jeremiah 6888 0.436335993919
59 Cameron 6809 0.43133155961
60 Adrian 6802 0.430888128722
61 Thomas 6708 0.424933485367
62 Robert 6641 0.420689218295
63 Tyler 6590 0.417458507538
64 Colton 6442 0.408083111618
65 Austin 6441 0.408019764348
66 Jace 6341 0.401685037375
67 Angel 6320 0.400354744711
68 Dominic 6277 0.397630812112
69 Josiah 6223 0.394210059546
70 Brandon 6180 0.391486126948
71 Ayden 6035 0.382300772837
72 Kevin 5892 0.373242113265
73 Zachary 5685 0.36012922843
74 Parker 5622 0.356138350437
75 Blake 5601 0.354808057773
76 Jose 5579 0.353414417839
77 Chase 5504 0.348663372609
78 Grayson 5500 0.34840998353
79 Jason 5461 0.34593944001
80 Ian 5374 0.340428227543
81 Bentley 5344 0.338527809451
82 Adam 5193 0.328962371722
83 Xavier 4933 0.312492081591
84 Cooper 4843 0.306790827315
85 Justin 4827 0.305777271
86 Nolan 4715 0.29868237679
87 Hudson 4628 0.293171164323
88 Easton 4615 0.292347649816
89 Jase 4533 0.287153173698
90 Carson 4502 0.285189408337
91 Nathaniel 4461 0.282592170277
92 Jaxson 4418 0.279868237679
93 Kayden 4386 0.277841125048
94 Brody 4302 0.27251995439
95 Lincoln 4010 0.254022551628
96 Luis 3976 0.251868744457
97 Tristan 3970 0.251488660839
98 Damian 3945 0.249904979095
99 Camden 3868 0.245027239326
100 Juan 3864 0.244773850247
101 Vincent 3829 0.242556695806
102 Bryson 3783 0.239642721399
103 Ryder 3750 0.237552261498
104 Asher 3663 0.232041049031
105 Carlos 3657 0.231660965412
106 Jesus 3648 0.231090839985
107 Micah 3631 0.230013936399
108 Maxwell 3607 0.228493601926
109 Mateo 3547 0.224692765742
110 Alex 3519 0.222919042189
111 Max 3492 0.221208665906
112 Leo 3473 0.220005067782
113 Elias 3472 0.219941720512
114 Cole 3432 0.217407829723
115 Miles 3385 0.214430508045
116 Silas 3367 0.21329025719
117 Bryce 3335 0.211263144558
118 Eric 3233 0.204801723046
119 Brantley 3171 0.200874192322
120 Sawyer 3142 0.1990371215
121 Declan 3097 0.196186494362
122 Braxton 3078 0.194982896237
123 Kaiden 3076 0.194856201698
124 Colin 3023 0.191498796402
125 Timothy 3016 0.191055365514
126 Santiago 3015 0.190992018244
127 Antonio 3007 0.190485240086
128 Giovanni 2964 0.187761307488
129 Hayden 2933 0.185797542126
130 Diego 2905 0.184023818573
131 Leonardo 2891 0.183136956797
132 Bryan 2878 0.182313442291
133 Miguel 2874 0.182060053212
134 Roman 2858 0.181046496896
135 Jonah 2857 0.180983149626
136 Steven 2850 0.180539718738
137 Ivan 2846 0.180286329659
138 Kaleb 2833 0.179462815153
139 Wesley 2819 0.178575953376
140 Richard 2770 0.17547193716
141 Jaden 2753 0.174395033574
142 Victor 2715 0.171987837324
143 Ezra 2708 0.171544406436
144 Joel 2697 0.170847586469
145 Edward 2679 0.169707335614
146 Jayce 2643 0.167426833903
147 Aidan 2640 0.167236792094
148 Preston 2636 0.166983403015
149 Greyson 2630 0.166603319397
150 Brian 2626 0.166349930318
151 Kaden 2606 0.165082984923
152 Ashton 2597 0.164512859496
153 Alan 2592 0.164196123147
154 Patrick 2566 0.162549094134
155 Kyle 2563 0.162359052325
156 Riley 2531 0.160331939693
157 George 2522 0.159761814266
158 Jesse 2518 0.159508425187
159 Jeremy 2504 0.158621563411
160 Marcus 2497 0.158178132522
161 Harrison 2491 0.157798048904
162 Jude 2486 0.157481312555
163 Weston 2473 0.156657798049
164 Ryker 2462 0.155960978082
165 Alejandro 2457 0.155644241733
166 Jake 2430 0.15393386545
167 Axel 2413 0.152856961865
168 Grant 2401 0.152096794628
169 Maddox 2399 0.151970100089
170 Theodore 2397 0.151843405549
171 Emmanuel 2377 0.150576460155
172 Cayden 2369 0.150069681997
173 Emmett 2336 0.147979222096
174 Brady 2320 0.14696566578
175 Bradley 2305 0.146015456734
176 Gael 2296 0.145445331306
177 Malachi 2288 0.144938553148
178 Oscar 2225 0.140947675155
179 Abel 2221 0.140694286076
180 Tucker 2220 0.140630938807
181 Jameson 2216 0.140377549728
182 Caden 2192 0.138857215254
183 Abraham 2190 0.138730520715
184 Mark 2184 0.138350437096
185 Sean 2180 0.138097048017
186 Ezekiel 2170 0.13746357532
187 Kenneth 2159 0.136766755353
188 Gage 2131 0.1349930318
189 Everett 2128 0.134802989991
190 Kingston 2114 0.133916128215
191 Nicolas 2109 0.133599391866
192 Zayden 2097 0.132839224629
193 King 2085 0.132079057393
194 Bennett 2061 0.130558722919
195 Calvin 2044 0.129481819334
196 Avery 2036 0.128975041176
197 Tanner 2029 0.128531610288
198 Paul 2017 0.127771443051
199 Kai 1956 0.123907259597
200 Maximus 1913 0.121183326999
201 Rylan 1882 0.119219561637
202 Luca 1881 0.119156214367
203 Graham 1876 0.118839478018
204 Omar 1873 0.118649436209
205 Derek 1865 0.118142658051
206 Jayceon 1838 0.116432281769
207 Jorge 1835 0.116242239959
208 Peter 1833 0.11611554542
209 Peyton 1833 0.11611554542
210 Devin 1828 0.115798809071
211 Collin 1815 0.114975294565
212 Andres 1786 0.113138223743
213 Jaiden 1757 0.11130115292
214 Cody 1733 0.109780818447
215 Zane 1719 0.10889395667
216 Amir 1716 0.108703914861
217 Corbin 1691 0.107120233118
218 Francisco 1688 0.106930191309
219 Xander 1687 0.106866844039
220 Eduardo 1684 0.10667680223
221 Conner 1683 0.10661345496
222 Javier 1671 0.105853287723
223 Jax 1669 0.105726593184
224 Myles 1619 0.102559229697
225 Griffin 1613 0.102179146079
226 Iker 1612 0.102115798809
227 Garrett 1605 0.101672367921
228 Damien 1603 0.101545673381
229 Simon 1592 0.100848853414
230 Zander 1586 0.100468769796
231 Seth 1578 0.0999619916382
232 Travis 1571 0.09951856075
233 Charlie 1551 0.0982516153554
234 Cristian 1525 0.0966045863423
235 Trevor 1520 0.0962878499937
236 Zion 1514 0.0959077663753
237 Lorenzo 1498 0.0948942100595
238 Dean 1497 0.0948308627898
239 Gunner 1495 0.0947041682503
240 Chance 1494 0.0946408209806
241 Elliot 1486 0.0941340428228
242 Lukas 1481 0.0938173064741
243 Cash 1470 0.093120486507
244 Elliott 1465 0.0928037501584
245 Israel 1457 0.0922969720005
246 Manuel 1457 0.0922969720005
247 Josue 1445 0.0915368047637
248 Jasper 1443 0.0914101102242
249 Keegan 1443 0.0914101102242
250 Finn 1440 0.0912200684151
251 Spencer 1440 0.0912200684151
252 Stephen 1436 0.0909666793361
253 Fernando 1424 0.0902065120993
254 Ricardo 1421 0.0900164702901
255 Mario 1410 0.0893196503231
256 Jeffrey 1398 0.0885594830863
257 Shane 1384 0.08767262131
258 Clayton 1374 0.0870391486127
259 Reid 1364 0.0864056759154
260 Erick 1354 0.085772203218
261 Cesar 1348 0.0853921195996
262 Paxton 1346 0.0852654250602
263 Martin 1330 0.0842518687445
264 Raymond 1324 0.0838717851261
265 Judah 1322 0.0837450905866
266 Trenton 1319 0.0835550487774
267 Johnny 1313 0.083174965159
268 Andre 1305 0.0826681870011
269 Tyson 1304 0.0826048397314
270 Beau 1291 0.0817813252249
271 Landen 1286 0.0814645888762
272 Caiden 1285 0.0814012416065
273 Maverick 1285 0.0814012416065
274 Dominick 1276 0.0808311161789
275 Troy 1274 0.0807044216394
276 Kyler 1254 0.0794374762448
277 Hector 1248 0.0790573926264
278 Cruz 1243 0.0787406562777
279 Beckett 1235 0.0782338781199
280 Johnathan 1232 0.0780438363107
281 Donovan 1224 0.0775370581528
282 Edwin 1224 0.0775370581528
283 Kameron 1214 0.0769035854555
284 Marco 1209 0.0765868491068
285 Drake 1207 0.0764601545673
286 Edgar 1206 0.0763968072976
287 Holden 1198 0.0758900291397
288 Rafael 1198 0.0758900291397
289 Dante 1196 0.0757633346003
290 Jaylen 1195 0.0756999873305
291 Emiliano 1191 0.0754465982516
292 Waylon 1190 0.0753832509819
293 Andy 1183 0.0749398200938
294 Alexis 1182 0.074876472824
295 Rowan 1175 0.0744330419359
296 Felix 1171 0.074179652857
297 Drew 1170 0.0741163055872
298 Emilio 1169 0.0740529583175
299 Gregory 1169 0.0740529583175
300 Karter 1168 0.0739896110478
301 Brooks 1151 0.0729127074623
302 Dallas 1149 0.0727860129228
303 Lane 1143 0.0724059293044
304 Anderson 1140 0.0722158874952
305 Jared 1136 0.0719624984163
306 Skyler 1112 0.0704421639427
307 Angelo 1102 0.0698086912454
308 Shawn 1102 0.0698086912454
309 Aden 1096 0.069428607627
310 Erik 1096 0.069428607627
311 Dalton 1092 0.0691752185481
312 Fabian 1091 0.0691118712783
313 Sergio 1084 0.0686684403902
314 Milo 1083 0.0686050931205
315 Louis 1059 0.0670847586469
316 Titus 1049 0.0664512859496
317 Kendrick 1042 0.0660078550614
318 Braylon 1038 0.0657544659825
319 August 1028 0.0651209932852
320 Dawson 1024 0.0648676042063
321 Reed 1024 0.0648676042063
322 Emanuel 1022 0.0647409096668
323 Arthur 1020 0.0646142151273
324 Jett 1005 0.0636640060813
325 Leon 1004 0.0636006588116
326 Brendan 998 0.0632205751932
327 Frank 996 0.0630938806537
328 Marshall 982 0.0622070188775
329 Emerson 973 0.0616368934499
330 Desmond 971 0.0615101989104
331 Derrick 970 0.0614468516407
332 Colt 968 0.0613201571012
333 Karson 966 0.0611934625618
334 Messiah 965 0.061130115292
335 Zaiden 956 0.0605599898644
336 Braden 954 0.060433295325
337 Amari 951 0.0602432535158
338 Roberto 947 0.0599898644368
339 Romeo 947 0.0599898644368
340 Joaquin 943 0.0597364753579
341 Malik 936 0.0592930444698
342 Walter 930 0.0589129608514
343 Brennan 922 0.0584061826935
344 Pedro 922 0.0584061826935
345 Knox 920 0.0582794881541
346 Nehemiah 919 0.0582161408843
347 Julius 917 0.0580894463449
348 Grady 914 0.0578994045357
349 Allen 910 0.0576460154567
350 Ali 897 0.0568225009502
351 Archer 893 0.0565691118713
352 Kamden 891 0.0564424173318
353 Dakota 890 0.0563790700621
354 Maximiliano 887 0.0561890282529
355 Ruben 879 0.055682250095
356 Quinn 875 0.0554288610161
357 Barrett 873 0.0553021664766
358 Tate 872 0.0552388192069
359 Corey 870 0.0551121246674
360 Adan 866 0.0548587355885
361 Braylen 865 0.0547953883188
362 Marcos 865 0.0547953883188
363 Remington 862 0.0546053465096
364 Phillip 858 0.0543519574306
365 Kason 854 0.0540985683517
366 Major 849 0.053781832003
367 Kellan 840 0.0532117065754
368 Cohen 837 0.0530216647662
369 Walker 833 0.0527682756873
370 Gideon 830 0.0525782338781
371 Taylor 818 0.0518180666413
372 River 815 0.0516280248321
373 Jayson 808 0.051184593944
374 Brycen 804 0.0509312048651
375 Abram 801 0.0507411630559
376 Cade 799 0.0506144685164
377 Matteo 794 0.0502977321677
378 Dillon 791 0.0501076903585
379 Damon 790 0.0500443430888
380 Dexter 782 0.049537564931
381 Kolton 782 0.049537564931
382 Phoenix 775 0.0490941340428
383 Noel 774 0.0490307867731
384 Brock 769 0.0487140504244
385 Porter 767 0.048587355885
386 Philip 761 0.0482072722666
387 Enrique 759 0.0480805777271
388 Leland 759 0.0480805777271
389 Ty 758 0.0480172304574
390 Esteban 757 0.0479538831876
391 Danny 755 0.0478271886482
392 Jay 755 0.0478271886482
393 Gerardo 753 0.0477004941087
394 Keith 753 0.0477004941087
395 Kellen 753 0.0477004941087
396 Gunnar 751 0.0475737995692
397 Armando 750 0.0475104522995
398 Zachariah 744 0.0471303686811
399 Orion 743 0.0470670214114
400 Ismael 741 0.0469403268719
401 Colby 740 0.0468769796022
402 Pablo 735 0.0465602432535
403 Ronald 733 0.0464335487141
404 Atticus 727 0.0460534650957
405 Trey 726 0.0459901178259
406 Quentin 722 0.045736728747
407 Ryland 720 0.0456100342075
408 Kash 718 0.0454833396681
409 Raul 716 0.0453566451286
410 Enzo 714 0.0452299505891
411 Julio 713 0.0451666033194
412 Darius 712 0.0451032560497
413 Rodrigo 708 0.0448498669707
414 Landyn 705 0.0446598251615
415 Donald 703 0.0445331306221
416 Bruce 702 0.0444697833523
417 Jakob 702 0.0444697833523
418 Kade 702 0.0444697833523
419 Ari 696 0.0440896997339
420 Keaton 694 0.0439630051945
421 Albert 693 0.0438996579247
422 Muhammad 690 0.0437096161155
423 Rocco 687 0.0435195743063
424 Solomon 686 0.0434562270366
425 Rhett 684 0.0433295324971
426 Cason 683 0.0432661852274
427 Jaime 682 0.0432028379577
428 Scott 678 0.0429494488788
429 Chandler 670 0.0424426707209
430 Mathew 668 0.0423159761814
431 Maximilian 668 0.0423159761814
432 Russell 663 0.0419992398328
433 Dustin 662 0.041935892563
434 Ronan 662 0.041935892563
435 Tony 659 0.0417458507538
436 Cyrus 658 0.0416825034841
437 Jensen 656 0.0415558089446
438 Hugo 653 0.0413657671354
439 Saul 653 0.0413657671354
440 Trent 649 0.0411123780565
441 Deacon 647 0.040985683517
442 Davis 646 0.0409223362473
443 Colten 645 0.0408589889776
444 Malcolm 643 0.0407322944381
445 Mohamed 642 0.0406689471684
446 Devon 635 0.0402255162802
447 Izaiah 634 0.0401621690105
448 Randy 634 0.0401621690105
449 Ibrahim 631 0.0399721272013
450 Jerry 629 0.0398454326619
451 Prince 628 0.0397820853921
452 Tristen 620 0.0392753072343
453 Alec 619 0.0392119599645
454 Chris 619 0.0392119599645
455 Dennis 619 0.0392119599645
456 Clark 609 0.0385784872672
457 Gustavo 609 0.0385784872672
458 Mitchell 609 0.0385784872672
459 Rory 607 0.0384517927277
460 Jamison 606 0.038388445458
461 Leonel 606 0.038388445458
462 Finnegan 605 0.0383250981883
463 Pierce 599 0.0379450145699
464 Nash 596 0.0377549727607
465 Kasen 595 0.0376916254909
466 Khalil 594 0.0376282782212
467 Darren 591 0.037438236412
468 Moses 589 0.0373115418725
469 Issac 585 0.0370581527936
470 Adriel 584 0.0369948055239
471 Lawrence 584 0.0369948055239
472 Braydon 583 0.0369314582541
473 Jaxton 583 0.0369314582541
474 Alberto 581 0.0368047637147
475 Justice 580 0.036741416445
476 Curtis 579 0.0366780691752
477 Larry 578 0.0366147219055
478 Warren 577 0.0365513746358
479 Zayne 576 0.036488027366
480 Yahir 570 0.0361079437476
481 Jimmy 568 0.0359812492082
482 Uriel 567 0.0359179019384
483 Finley 562 0.0356011655898
484 Nico 561 0.03553781832
485 Thiago 560 0.0354744710503
486 Armani 559 0.0354111237806
487 Jacoby 559 0.0354111237806
488 Jonas 558 0.0353477765108
489 Rhys 555 0.0351577347016
490 Casey 553 0.0350310401622
491 Tobias 553 0.0350310401622
492 Frederick 549 0.0347776510832
493 Jaxen 549 0.0347776510832
494 Kobe 547 0.0346509565438
495 Franklin 545 0.0345242620043
496 Ricky 545 0.0345242620043
497 Talon 544 0.0344609147346
498 Ace 543 0.0343975674648
499 Marvin 543 0.0343975674648
500 Alonzo 542 0.0343342201951
501 Arjun 541 0.0342708729254
502 Jalen 540 0.0342075256556
503 Alfredo 538 0.0340808311162
504 Moises 534 0.0338274420372
505 Sullivan 532 0.0337007474978
506 Francis 530 0.0335740529583
507 Case 529 0.0335107056886
508 Brayan 524 0.0331939693399
509 Alijah 523 0.0331306220702
510 Arturo 519 0.0328772329913
511 Lawson 519 0.0328772329913
512 Raylan 519 0.0328772329913
513 Mekhi 517 0.0327505384518
514 Nikolas 516 0.0326871911821
515 Carmelo 513 0.0324971493729
516 Byron 512 0.0324338021031
517 Nasir 511 0.0323704548334
518 Reece 508 0.0321804130242
519 Royce 508 0.0321804130242
520 Sylas 507 0.0321170657545
521 Ahmed 506 0.0320537184847
522 Mauricio 506 0.0320537184847
523 Beckham 502 0.0318003294058
524 Roy 502 0.0318003294058
525 Payton 501 0.0317369821361
526 Raiden 501 0.0317369821361
527 Korbin 499 0.0316102875966
528 Maurice 499 0.0316102875966
529 Ellis 496 0.0314202457874
530 Aarav 495 0.0313568985177
531 Johan 495 0.0313568985177
532 Gianni 494 0.0312935512479
533 Kayson 494 0.0312935512479
534 Aldo 493 0.0312302039782
535 Arian 493 0.0312302039782
536 Isaias 493 0.0312302039782
537 Jamari 492 0.0311668567085
538 Kristopher 488 0.0309134676295
539 Uriah 488 0.0309134676295
540 Douglas 485 0.0307234258203
541 Kane 484 0.0306600785506
542 Milan 484 0.0306600785506
543 Skylar 484 0.0306600785506
544 Dorian 483 0.0305967312809
545 Tatum 483 0.0305967312809
546 Wade 483 0.0305967312809
547 Cannon 482 0.0305333840111
548 Quinton 479 0.030343342202
549 Bryant 478 0.0302799949322
550 Toby 478 0.0302799949322
551 Dane 475 0.030089953123
552 Sam 475 0.030089953123
553 Moshe 474 0.0300266058533
554 Asa 472 0.0298999113138
555 Mohammed 470 0.0297732167744
556 Joe 469 0.0297098695046
557 Kieran 469 0.0297098695046
558 Roger 469 0.0297098695046
559 Channing 467 0.0295831749652
560 Daxton 467 0.0295831749652
561 Ezequiel 466 0.0295198276954
562 Orlando 465 0.0294564804257
563 Matias 464 0.029393133156
564 Malakai 463 0.0293297858862
565 Nathanael 463 0.0293297858862
566 Zackary 463 0.0293297858862
567 Boston 458 0.0290130495376
568 Ahmad 456 0.0288863549981
569 Dominik 455 0.0288230077284
570 Lance 454 0.0287596604586
571 Alvin 450 0.0285062713797
572 Conor 448 0.0283795768402
573 Odin 447 0.0283162295705
574 Cullen 446 0.0282528823008
575 Mohammad 446 0.0282528823008
576 Deandre 445 0.028189535031
577 Benson 443 0.0280628404916
578 Gary 442 0.0279994932218
579 Blaine 440 0.0278727986824
580 Carl 438 0.0277461041429
581 Sterling 438 0.0277461041429
582 Nelson 437 0.0276827568732
583 Kian 435 0.0275560623337
584 Salvador 434 0.027492715064
585 Luka 433 0.0274293677942
586 Nikolai 431 0.0273026732548
587 Nixon 431 0.0273026732548
588 Niko 430 0.0272393259851
589 Bowen 429 0.0271759787153
590 Kyrie 429 0.0271759787153
591 Brenden 428 0.0271126314456
592 Callen 426 0.0269859369061
593 Vihaan 426 0.0269859369061
594 Luciano 423 0.0267958950969
595 Terry 423 0.0267958950969
596 Demetrius 422 0.0267325478272
597 Raphael 421 0.0266692005575
598 Ramon 420 0.0266058532877
599 Xzavier 420 0.0266058532877
600 Amare 419 0.026542506018
601 Rohan 419 0.026542506018
602 Reese 417 0.0264158114785
603 Quincy 416 0.0263524642088
604 Eddie 414 0.0262257696693
605 Noe 414 0.0262257696693
606 Yusuf 414 0.0262257696693
607 London 413 0.0261624223996
608 Hayes 411 0.0260357278601
609 Jefferson 411 0.0260357278601
610 Matthias 411 0.0260357278601
611 Kelvin 409 0.0259090333207
612 Terrance 404 0.025592296972
613 Madden 403 0.0255289497023
614 Bentlee 401 0.0254022551628
615 Layne 400 0.0253389078931
616 Harvey 399 0.0252755606233
617 Sincere 398 0.0252122133536
618 Kristian 397 0.0251488660839
619 Julien 396 0.0250855188141
620 Melvin 396 0.0250855188141
621 Harley 395 0.0250221715444
622 Emmitt 392 0.0248321297352
623 Neil 391 0.0247687824655
624 Rodney 391 0.0247687824655
625 Winston 390 0.0247054351957
626 Hank 389 0.024642087926
627 Ayaan 388 0.0245787406563
628 Ernesto 387 0.0245153933865
629 Jeffery 387 0.0245153933865
630 Alessandro 386 0.0244520461168
631 Lucian 386 0.0244520461168
632 Rex 386 0.0244520461168
633 Wilson 386 0.0244520461168
634 Mathias 385 0.0243886988471
635 Memphis 385 0.0243886988471
636 Princeton 385 0.0243886988471
637 Santino 382 0.0241986570379
638 Jon 380 0.0240719624984
639 Tripp 380 0.0240719624984
640 Lewis 379 0.0240086152287
641 Trace 378 0.023945267959
642 Dax 377 0.0238819206892
643 Eden 377 0.0238819206892
644 Joey 377 0.0238819206892
645 Nickolas 377 0.0238819206892
646 Neymar 376 0.0238185734195
647 Bruno 375 0.0237552261498
648 Marc 373 0.0236285316103
649 Crosby 372 0.0235651843406
650 Cory 371 0.0235018370708
651 Kendall 371 0.0235018370708
652 Abdullah 369 0.0233751425314
653 Allan 366 0.0231851007222
654 Davion 366 0.0231851007222
655 Hamza 366 0.0231851007222
656 Soren 366 0.0231851007222
657 Brentley 364 0.0230584061827
658 Jasiah 363 0.022995058913
659 Edison 362 0.0229317116432
660 Harper 362 0.0229317116432
661 Tommy 362 0.0229317116432
662 Morgan 360 0.0228050171038
663 Zain 360 0.0228050171038
664 Flynn 359 0.022741669834
665 Roland 359 0.022741669834
666 Theo 358 0.0226783225643
667 Chad 357 0.0226149752946
668 Lee 357 0.0226149752946
669 Bobby 356 0.0225516280248
670 Rayan 356 0.0225516280248
671 Samson 356 0.0225516280248
672 Brett 355 0.0224882807551
673 Kylan 354 0.0224249334854
674 Branson 353 0.0223615862156
675 Bronson 353 0.0223615862156
676 Ray 353 0.0223615862156
677 Arlo 352 0.0222982389459
678 Lennox 351 0.0222348916762
679 Stanley 351 0.0222348916762
680 Zechariah 351 0.0222348916762
681 Kareem 348 0.022044849867
682 Micheal 348 0.022044849867
683 Reginald 348 0.022044849867
684 Alonso 346 0.0219181553275
685 Casen 346 0.0219181553275
686 Guillermo 345 0.0218548080578
687 Leonard 345 0.0218548080578
688 Augustus 344 0.021791460788
689 Tomas 344 0.021791460788
690 Billy 343 0.0217281135183
691 Conrad 343 0.0217281135183
692 Aryan 342 0.0216647662486
693 Makai 342 0.0216647662486
694 Elisha 339 0.0214747244394
695 Westin 339 0.0214747244394
696 Otto 338 0.0214113771696
697 Adonis 337 0.0213480298999
698 Jagger 337 0.0213480298999
699 Keagan 337 0.0213480298999
700 Dayton 336 0.0212846826302
701 Leonidas 334 0.0211579880907
702 Kyson 333 0.021094640821
703 Brodie 331 0.0209679462815
704 Alden 330 0.0209045990118
705 Aydin 329 0.020841251742
706 Valentino 329 0.020841251742
707 Harry 328 0.0207779044723
708 Willie 328 0.0207779044723
709 Yosef 328 0.0207779044723
710 Braeden 327 0.0207145572026
711 Marlon 326 0.0206512099329
712 Terrence 326 0.0206512099329
713 Lamar 324 0.0205245153934
714 Shaun 324 0.0205245153934
715 Aron 322 0.0203978208539
716 Blaze 322 0.0203978208539
717 Layton 322 0.0203978208539
718 Duke 321 0.0203344735842
719 Legend 321 0.0203344735842
720 Jessie 320 0.0202711263145
721 Terrell 320 0.0202711263145
722 Clay 319 0.0202077790447
723 Dwayne 319 0.0202077790447
724 Felipe 319 0.0202077790447
725 Kamari 319 0.0202077790447
726 Gerald 318 0.020144431775
727 Kody 318 0.020144431775
728 Kole 318 0.020144431775
729 Maxim 318 0.020144431775
730 Omari 318 0.020144431775
731 Chaim 317 0.0200810845053
732 Crew 317 0.0200810845053
733 Lionel 317 0.0200810845053
734 Vicente 317 0.0200810845053
735 Bo 316 0.0200177372355
736 Sage 316 0.0200177372355
737 Rogelio 315 0.0199543899658
738 Jermaine 314 0.0198910426961
739 Gauge 313 0.0198276954263
740 Will 313 0.0198276954263
741 Emery 311 0.0197010008869
742 Giovani 310 0.0196376536171
743 Ronnie 310 0.0196376536171
744 Elian 309 0.0195743063474
745 Hendrix 307 0.0194476118079
746 Javon 307 0.0194476118079
747 Rayden 303 0.019194222729
748 Alexzander 302 0.0191308754593
749 Ben 302 0.0191308754593
750 Camron 302 0.0191308754593
751 Jamarion 300 0.0190041809198
752 Kolby 300 0.0190041809198
753 Remy 300 0.0190041809198
754 Jamal 299 0.0189408336501
755 Urijah 298 0.0188774863803
756 Jaydon 297 0.0188141391106
757 Kyree 297 0.0188141391106
758 Ariel 296 0.0187507918409
759 Braiden 296 0.0187507918409
760 Cassius 296 0.0187507918409
761 Triston 294 0.0186240973014
762 Jerome 293 0.0185607500317
763 Junior 293 0.0185607500317
764 Landry 293 0.0185607500317
765 Wayne 293 0.0185607500317
766 Killian 292 0.0184974027619
767 Jamie 290 0.0183707082225
768 Davian 289 0.0183073609527
769 Lennon 289 0.0183073609527
770 Samir 289 0.0183073609527
771 Oakley 288 0.018244013683
772 Rene 288 0.018244013683
773 Ronin 288 0.018244013683
774 Tristian 288 0.018244013683
775 Darian 287 0.0181806664133
776 Giancarlo 287 0.0181806664133
777 Jadiel 287 0.0181806664133
778 Amos 286 0.0181173191435
779 Eugene 286 0.0181173191435
780 Mayson 286 0.0181173191435
781 Vincenzo 285 0.0180539718738
782 Alfonso 284 0.0179906246041
783 Brent 284 0.0179906246041
784 Cain 284 0.0179906246041
785 Callan 284 0.0179906246041
786 Leandro 284 0.0179906246041
787 Callum 283 0.0179272773343
788 Darrell 283 0.0179272773343
789 Atlas 282 0.0178639300646
790 Fletcher 282 0.0178639300646
791 Jairo 282 0.0178639300646
792 Jonathon 282 0.0178639300646
793 Kenny 282 0.0178639300646
794 Tyrone 282 0.0178639300646
795 Adrien 280 0.0177372355251
796 Markus 277 0.017547193716
797 Thaddeus 277 0.017547193716
798 Zavier 277 0.017547193716
799 Marcel 274 0.0173571519068
800 Marquis 274 0.0173571519068
801 Misael 272 0.0172304573673
802 Abdiel 271 0.0171671100976
803 Draven 271 0.0171671100976
804 Ishaan 271 0.0171671100976
805 Lyric 271 0.0171671100976
806 Ulises 270 0.0171037628278
807 Jamir 269 0.0170404155581
808 Marcelo 268 0.0169770682884
809 Davin 267 0.0169137210186
810 Bodhi 266 0.0168503737489
811 Justus 266 0.0168503737489
812 Mack 266 0.0168503737489
813 Rudy 266 0.0168503737489
814 Cedric 265 0.0167870264792
815 Craig 264 0.0167236792094
816 Frankie 264 0.0167236792094
817 Javion 263 0.0166603319397
818 Maxton 263 0.0166603319397
819 Deshawn 262 0.01659698467
820 Jair 262 0.01659698467
821 Duncan 261 0.0165336374002
822 Hassan 260 0.0164702901305
823 Gibson 259 0.0164069428608
824 Isiah 259 0.0164069428608
825 Cayson 257 0.0162802483213
826 Darwin 257 0.0162802483213
827 Kale 257 0.0162802483213
828 Kolten 256 0.0162169010516
829 Lucca 256 0.0162169010516
830 Kase 255 0.0161535537818
831 Konner 255 0.0161535537818
832 Konnor 255 0.0161535537818
833 Randall 255 0.0161535537818
834 Azariah 254 0.0160902065121
835 Stefan 254 0.0160902065121
836 Enoch 253 0.0160268592424
837 Kymani 253 0.0160268592424
838 Dominique 252 0.0159635119726
839 Maximo 252 0.0159635119726
840 Van 252 0.0159635119726
841 Forrest 251 0.0159001647029
842 Alvaro 250 0.0158368174332
843 Gannon 250 0.0158368174332
844 Jordyn 250 0.0158368174332
845 Rolando 250 0.0158368174332
846 Sonny 250 0.0158368174332
847 Brice 249 0.0157734701634
848 Coleman 249 0.0157734701634
849 Yousef 249 0.0157734701634
850 Aydan 248 0.0157101228937
851 Ean 248 0.0157101228937
852 Johnathon 248 0.0157101228937
853 Quintin 248 0.0157101228937
854 Semaj 248 0.0157101228937
855 Cristopher 247 0.015646775624
856 Harlan 247 0.015646775624
857 Vaughn 247 0.015646775624
858 Zeke 247 0.015646775624
859 Axton 246 0.0155834283542
860 Damion 246 0.0155834283542
861 Jovanni 246 0.0155834283542
862 Fisher 245 0.0155200810845
863 Heath 245 0.0155200810845
864 Ramiro 245 0.0155200810845
865 Seamus 245 0.0155200810845
866 Vance 244 0.0154567338148
867 Yael 243 0.015393386545
868 Jadon 242 0.0153300392753
869 Kamdyn 241 0.0152666920056
870 Rashad 241 0.0152666920056
871 Camdyn 240 0.0152033447358
872 Jedidiah 240 0.0152033447358
873 Santos 240 0.0152033447358
874 Steve 239 0.0151399974661
875 Chace 238 0.0150766501964
876 Marley 238 0.0150766501964
877 Brecken 237 0.0150133029266
878 Kamryn 237 0.0150133029266
879 Valentin 237 0.0150133029266
880 Dilan 236 0.0149499556569
881 Mike 236 0.0149499556569
882 Krish 235 0.0148866083872
883 Salvatore 235 0.0148866083872
884 Brantlee 234 0.0148232611174
885 Gilbert 233 0.0147599138477
886 Turner 233 0.0147599138477
887 Camren 232 0.014696566578
888 Franco 232 0.014696566578
889 Hezekiah 232 0.014696566578
890 Zaid 232 0.014696566578
891 Anders 231 0.0146332193082
892 Deangelo 231 0.0146332193082
893 Harold 231 0.0146332193082
894 Joziah 231 0.0146332193082
895 Mustafa 231 0.0146332193082
896 Emory 230 0.0145698720385
897 Jamar 230 0.0145698720385
898 Reuben 230 0.0145698720385
899 Royal 230 0.0145698720385
900 Zayn 230 0.0145698720385
901 Arnav 229 0.0145065247688
902 Bently 229 0.0145065247688
903 Gavyn 229 0.0145065247688
904 Ares 228 0.014443177499
905 Ameer 227 0.0143798302293
906 Juelz 227 0.0143798302293
907 Rodolfo 227 0.0143798302293
908 Titan 227 0.0143798302293
909 Bridger 226 0.0143164829596
910 Briggs 226 0.0143164829596
911 Cortez 226 0.0143164829596
912 Blaise 225 0.0142531356899
913 Demarcus 225 0.0142531356899
914 Rey 225 0.0142531356899
915 Hugh 224 0.0141897884201
916 Benton 223 0.0141264411504
917 Giovanny 223 0.0141264411504
918 Tristin 222 0.0140630938807
919 Aidyn 221 0.0139997466109
920 Jovani 221 0.0139997466109
921 Jaylin 220 0.0139363993412
922 Jorden 220 0.0139363993412
923 Kaeden 220 0.0139363993412
924 Clinton 219 0.0138730520715
925 Efrain 219 0.0138730520715
926 Kingsley 219 0.0138730520715
927 Makhi 219 0.0138730520715
928 Aditya 218 0.0138097048017
929 Teagan 218 0.0138097048017
930 Jericho 217 0.013746357532
931 Kamron 217 0.013746357532
932 Xavi 217 0.013746357532
933 Ernest 216 0.0136830102623
934 Kaysen 216 0.0136830102623
935 Zaire 215 0.0136196629925
936 Deon 214 0.0135563157228
937 Foster 213 0.0134929684531
938 Lochlan 213 0.0134929684531
939 Gilberto 211 0.0133662739136
940 Gino 211 0.0133662739136
941 Izayah 211 0.0133662739136
942 Maison 211 0.0133662739136
943 Miller 211 0.0133662739136
944 Antoine 210 0.0133029266439
945 Garrison 209 0.0132395793741
946 Rylee 209 0.0132395793741
947 Cristiano 208 0.0131762321044
948 Dangelo 208 0.0131762321044
949 Keenan 208 0.0131762321044
950 Stetson 208 0.0131762321044
951 Truman 208 0.0131762321044
952 Brysen 207 0.0131128848347
953 Jaycob 207 0.0131128848347
954 Kohen 207 0.0131128848347
955 Augustine 206 0.0130495375649
956 Castiel 206 0.0130495375649
957 Langston 206 0.0130495375649
958 Magnus 206 0.0130495375649
959 Osvaldo 206 0.0130495375649
960 Reagan 206 0.0130495375649
961 Sidney 206 0.0130495375649
962 Tyree 206 0.0130495375649
963 Yair 206 0.0130495375649
964 Deegan 205 0.0129861902952
965 Kalel 205 0.0129861902952
966 Todd 205 0.0129861902952
967 Alfred 204 0.0129228430255
968 Anson 204 0.0129228430255
969 Apollo 204 0.0129228430255
970 Rowen 204 0.0129228430255
971 Santana 204 0.0129228430255
972 Ephraim 203 0.0128594957557
973 Houston 203 0.0128594957557
974 Jayse 203 0.0128594957557
975 Leroy 203 0.0128594957557
976 Pierre 203 0.0128594957557
977 Tyrell 203 0.0128594957557
978 Camryn 202 0.012796148486
979 Grey 202 0.012796148486
980 Yadiel 202 0.012796148486
981 Aaden 200 0.0126694539465
982 Corban 200 0.0126694539465
983 Denzel 200 0.0126694539465
984 Jordy 200 0.0126694539465
985 Kannon 200 0.0126694539465
986 Branden 199 0.0126061066768
987 Brendon 199 0.0126061066768
988 Brenton 199 0.0126061066768
989 Dario 199 0.0126061066768
990 Jakobe 199 0.0126061066768
991 Lachlan 199 0.0126061066768
992 Thatcher 199 0.0126061066768
993 Immanuel 197 0.0124794121373
994 Camilo 196 0.0124160648676
995 Davon 196 0.0124160648676
996 Graeme 196 0.0124160648676
997 Rocky 196 0.0124160648676
998 Broderick 195 0.0123527175979
999 Clyde 195 0.0123527175979
1000 Darien 195 0.0123527175979
